GO_term,A,C,D,E,F,G,H,I,K,L,M,N,P,Q,R,S,T,V,W,Y
Golgi apparatus,0.07600713670089781,0.018032573124151244,0.050379892567844774,0.0764460247240253,0.02497527279434916,0.07317662698652487,0.023283327661712743,0.029898451488561878,0.05010956298838219,0.08624785724053927,0.019145694921938357,0.033081979830233026,0.08907518660691853,0.04921588520215882,0.0542440153801629,0.10837671858054708,0.06295498853484548,0.04987739758484373,0.009098975609911237,0.016372431471451607
Golgi lumen,0.08673693456302152,0.01895769287073635,0.035243741765480896,0.053213292343727125,0.021446347533304055,0.06979212413995023,0.023312838530229835,0.024740155174937783,0.026460254721124288,0.07048748353096179,0.014016981408285755,0.02170253257209779,0.11133069828722003,0.03213292343727126,0.0413555848338457,0.12172449128970868,0.153235251061338,0.05120040989606207,0.009991216512955644,0.01291904552774118
Golgi membrane,0.07509325003339533,0.02113667423627452,0.050267676404402016,0.07681953164335845,0.027394445072390798,0.07347999876694171,0.022112845384765566,0.031268303209034204,0.04962032080066585,0.09411317420031032,0.020006370801179625,0.03353918556499758,0.0836013522539278,0.050504012577194585,0.05750161838900934,0.10297064293714485,0.05351472990885644,0.05022657446130766,0.00976171148491045,0.017067581869932902
PML body,0.06925654075343342,0.01455205749213575,0.05649471880514565,0.08166031559295159,0.022173345950231453,0.061277205186568116,0.025395769929157822,0.031175673256438455,0.05846397790337843,0.07736375028771643,0.019181095112656966,0.03856678857318227,0.08332267716938185,0.05437201094601161,0.053169995652285106,0.12068745044883762,0.059947315925423905,0.049998721260325826,0.005575304979412291,0.01736528477532544
Z disc,0.07525064560230897,0.009399210086586663,0.04889488075345587,0.10574586054990126,0.024589852650767127,0.05998404982530761,0.0212289229834422,0.034084004253379915,0.06968707276317788,0.07350372170742822,0.018551572231505394,0.028957162387969013,0.08242822421388425,0.05083168768038888,0.05899665805863588,0.10120765608385235,0.057458605499012605,0.05546483366246392,0.005658514355157223,0.018076864651374754
actin cytoskeleton,0.07873042044517725,0.011368773768050422,0.048606494162699784,0.09304443794378107,0.021175172193707948,0.06419700555806718,0.019931920325505944,0.029532218174081856,0.06788022232268702,0.08103741722734888,0.017711352817594343,0.030310081642422146,0.09186102172698987,0.05302768396138606,0.06238863920431881,0.10237879956386459,0.05423769380102651,0.04909182777969843,0.006635108900885567,0.016853708480706327
adherens junction,0.07591364714436577,0.016256080882225646,0.05231722729082631,0.07503072901338227,0.02233263507781798,0.07305714730883091,0.02333673805030902,0.028703495317071483,0.049772345619167976,0.07703893495836435,0.017190935373855236,0.03329120717414262,0.09646313384000138,0.04982428197981407,0.06575143257794783,0.10686771808943442,0.057129996710697156,0.04819694267956997,0.00829250558315877,0.023232865329016843
anchoring junction,0.07696051068458643,0.014644968296906981,0.05085376501066312,0.07648245953025033,0.022714586285370778,0.07403495212332002,0.02337298009074384,0.030071421414974164,0.05201311062447221,0.0795912233243162,0.0180428528489845,0.031597177494382185,0.09500908869709591,0.0484434711666452,0.06216955071779238,0.11130862925272303,0.0572602229951193,0.04866675254411954,0.007625917815277599,0.019136359082256287
apical plasma membrane,0.07280319296073343,0.021365438571071038,0.052372986287656256,0.07418628238734408,0.02529077808659457,0.07228947403084948,0.026634350672444906,0.032825322391559206,0.05001514812229145,0.07967912325302633,0.01923152917001462,0.036302804378465954,0.08758249140508713,0.04475940830117101,0.05844540748448964,0.1069062265368758,0.061870200350382654,0.048671575536441115,0.009194251616897402,0.01957400845660392
axon,0.07649848698042581,0.013549266851017825,0.05212719143364716,0.08221916781207048,0.02365960590865382,0.07110377086853299,0.02197002211127349,0.031037274065703623,0.05782614128397503,0.08011669536967116,0.018911386490935465,0.03318864121606571,0.09014554324736919,0.04789508282220254,0.05914086565364075,0.11082800471562294,0.05758166774416116,0.04746046319586677,0.0070299724559811805,0.017710749773182884
axoneme,0.06909250542643221,0.012047898934224324,0.05216691461600371,0.099187864302612,0.024022632490305586,0.061922298368412065,0.02246177108992025,0.03529010072433724,0.06899495158890813,0.0838963002707119,0.020120478989342244,0.03363168548642782,0.07918932761017486,0.05324000682876863,0.05436187596029559,0.10121210643123674,0.053996049069580276,0.050020730190473865,0.007097041679877082,0.018047459941955467
basement membrane,0.06800631071992029,0.022419662874698994,0.04683218467159345,0.06372996761604252,0.020696670264884164,0.15461263804699826,0.017562069251847546,0.032965208004650005,0.048949597276426136,0.08145810844473968,0.0157145229593955,0.028792659636303248,0.121211492153118,0.046873702565805864,0.04973843726646184,0.0680478286141327,0.047911649921116004,0.04336544050485759,0.0062484430789670345,0.014863406128041186
basolateral plasma membrane,0.07246150760934958,0.01775886271975757,0.05632924084761247,0.08464983622629738,0.023685911005147175,0.06840615878250407,0.025669021145747456,0.0330444082978676,0.05532654470910671,0.0811292586733216,0.01980881926959157,0.03422536152766327,0.08422647563448384,0.04674792219077965,0.05713139775841708,0.10093807794291317,0.059894382673410726,0.051627710064841015,0.00828895474498095,0.018650148176207134
bicellular tight junction,0.07534940787367972,0.011175717486397098,0.05158433799210498,0.07414915181905474,0.02064440413954977,0.06908140403286034,0.026512322628827484,0.02816600874853302,0.05182438920302998,0.07262882748319642,0.016243465272591486,0.0319001386962552,0.10028806145310999,0.052171129841032754,0.06732102848607703,0.12005227781926811,0.05518510615597994,0.047236743838685584,0.006988157473594367,0.021497919556171984
cell cortex,0.07580135592458091,0.011524234622173751,0.054304442170828505,0.08791023464466007,0.021148375926154952,0.06949394556063997,0.022014098917284102,0.029805605837446455,0.05900408126552961,0.07934294997920016,0.019023419493383403,0.030334034156707105,0.08634743599833601,0.05297774979481241,0.06368123404877281,0.11019416929943897,0.05527135356351821,0.046580394185039856,0.007105674420696401,0.018135210190796353
cell junction,0.076592590559071,0.014624360993076077,0.05073033564653676,0.07759068652923401,0.023479766496526274,0.07495328165719227,0.023248380790280233,0.02977032027311357,0.052455923964303854,0.080441829045181,0.01829515795996243,0.031964562690819674,0.09447203860611682,0.04801449494186924,0.061362312758960806,0.111114161393491,0.05640712903282736,0.047998807775344085,0.0077435775759798105,0.018740281310113713
cell projection,0.07414190828123647,0.01432628278792179,0.0509448726675233,0.08210793258499441,0.0240474464758872,0.06990003853158996,0.023054451756582196,0.031453319912344874,0.056510735376243154,0.08285649783493203,0.01869715697973442,0.033014952633303174,0.09027255583261334,0.04885703761667688,0.06012455718376513,0.11049569956902332,0.05643604859393645,0.047548321499439,0.00777930734799118,0.017430876534261713
cell surface,0.07297306689834926,0.0279131190269331,0.048757602085143355,0.06744743701129452,0.026634231103388358,0.07918679409209384,0.02482015638575152,0.03140920938314509,0.04467767158992181,0.0924622067767159,0.01949609035621199,0.033682015638575154,0.08836837532580365,0.04451086012163336,0.054721112076455254,0.09838401390095569,0.06076107732406603,0.05269157254561251,0.011169417897480452,0.019933970460469158
cell-cell junction,0.07478553035623305,0.014038638961182027,0.05172746175348728,0.07822117569298137,0.022204321064154996,0.07321573649495325,0.023271505487393453,0.03055589980859531,0.05298742787898817,0.07964638327756435,0.017770341912119084,0.0327040387766624,0.09160573387863015,0.04883573621955082,0.06340452486195453,0.10954131724983132,0.05811679817132785,0.0493176904752069,0.0073532449291527245,0.020696492750030982
centriolar satellite,0.07030673553283441,0.013254980499631074,0.05270369979972594,0.08912195636133656,0.024059238958574893,0.06166332876567935,0.02342679456097818,0.03257088647623063,0.06735532834404975,0.08740908611784547,0.018419943080004216,0.036497312111310215,0.07626225361020343,0.053889533045219776,0.05813218087909771,0.10872773268683461,0.05528618108991251,0.0489617371139454,0.007062295773163276,0.014888795193422578
centriole,0.06745544938016529,0.013106921487603305,0.053024922520661155,0.08905281508264463,0.022791838842975205,0.05539772727272727,0.02518078512396694,0.03233148243801653,0.06443698347107438,0.09058626033057851,0.016867897727272728,0.03628615702479339,0.07676911157024793,0.059287835743801656,0.058803589876033055,0.11197378615702479,0.05605952995867768,0.049280087809917356,0.007344395661157025,0.013962422520661157
centrosome,0.06892462674767917,0.013625686084069298,0.05147606893592031,0.08753642174688862,0.023434147222912385,0.06209766674948614,0.0231122806225013,0.0324802927292029,0.06518645675693989,0.08622072143292751,0.017962415015923928,0.036195875590088765,0.07837734059133106,0.055671628306191136,0.0581900932848463,0.11370361168206355,0.055553045874460735,0.04733697739028302,0.007030244166873715,0.01588439906941025
chromatin,0.08676025917926566,0.01355411567074634,0.047257019438444924,0.07011759059275258,0.02197264218862491,0.08117110631149509,0.02523638108951284,0.025754739620830334,0.051771058315334774,0.07496760259179265,0.020715142788576914,0.0332421406287497,0.10736261099112071,0.05412526997840173,0.045807535397168225,0.11600671946244301,0.0540220782337413,0.04617710583153348,0.005502759779217663,0.01847612191024718
chromosome,0.0820992813567071,0.01339062477676339,0.04876737673767377,0.07594688040232594,0.022446887545897447,0.07696305344820197,0.023693440772648695,0.02708127955652708,0.05755218378980755,0.07483069735544982,0.01998949894989499,0.03408555141228409,0.10160658923035161,0.053437486605803435,0.048904890489048905,0.11457574328861457,0.05463582072492964,0.04676003314617176,0.0057612904147557615,0.01747138999614247
"chromosome, telomeric region",0.06873226423810466,0.013099716227809675,0.05566554477661189,0.09605358674849865,0.0210189401438659,0.07249389559823137,0.020853956312281395,0.03078598297366858,0.07622253019204119,0.07549660133306936,0.018775160034316635,0.036791394443344554,0.07727842671418202,0.049825117138520426,0.05843727314723157,0.10780043555731539,0.05328977760179503,0.04649244374051343,0.006467366198112585,0.014419586880485712
ciliary basal body,0.06339190572700111,0.012598984559453416,0.05133616096613109,0.0863542341363532,0.02344288669271432,0.0605503437036418,0.024320427905810578,0.03269885710703913,0.06752888573159775,0.08564384363051336,0.018658197697499008,0.037880529031988464,0.08100541150414743,0.05369716470612816,0.0608637512797476,0.11374605628800066,0.056162637638160505,0.04763795156808257,0.006435302229372558,0.01604646789661729
cilium,0.0689914730285688,0.015692155645958307,0.050426348571559906,0.08700498747385599,0.02489714771656439,0.06384311291916615,0.023598565813969522,0.034171091038635686,0.06172860787423292,0.08679238778183825,0.019346571973614654,0.03463076604840378,0.08263232894343699,0.052081178606725044,0.0591659196947758,0.10574249005952792,0.055362108988944815,0.04898986416603461,0.007940885793743822,0.016962007860442666
collagen-containing extracellular matrix,0.06916588881320584,0.0227721856420865,0.043786842924056275,0.06433058351623401,0.021653758503830403,0.14954127668878292,0.01841620626151013,0.030432991077810573,0.045796648082275876,0.07920650537770041,0.016717542487617414,0.026640429879663967,0.12466678439583911,0.04576301117586216,0.05093468553697116,0.06939293793149844,0.05298653682820791,0.045308912939276975,0.00703011344046688,0.015456158497103021
cytoplasm,0.07556535959009761,0.01670512382358514,0.04936008545321756,0.07846835347210583,0.024187969072656676,0.07755203312406164,0.022280062330788143,0.028825145160633933,0.0547665505439941,0.08080160089129002,0.019012553238693573,0.03255037683346118,0.09351631150865976,0.05036611242559273,0.0572402654090819,0.11067478198008338,0.055185764915257875,0.04778956313749137,0.008076221749524227,0.017075765339723364
cytoplasmic vesicle,0.07594053901151959,0.016591722671452678,0.05264287316744862,0.07848148184274441,0.025563055374020933,0.0743140429765609,0.021512665697759482,0.030483998400327738,0.05089688941777782,0.08744306044615249,0.019218013870329006,0.03315662157021488,0.0902156631324314,0.04997268852235152,0.05375484047170823,0.10815589001277787,0.05565932833273183,0.04928746305634943,0.008866476136596404,0.017842685888744745
cytoplasmic vesicle membrane,0.07697167526587344,0.01720342764883146,0.053846578117400484,0.07745804439497185,0.02651965282269589,0.0745147590467165,0.02078350556817441,0.03118779363909405,0.049995738002476975,0.08527003514894428,0.018822986707581844,0.033293721826942846,0.0908457307320106,0.04952441121757748,0.05138464778351058,0.10746250695708419,0.05672467997412717,0.05043698009897862,0.009150759387676309,0.018602365659331016
cytoskeleton,0.07170801555301265,0.019508666191369158,0.04872748078340213,0.0853198971919503,0.022453314001905183,0.06915129438689617,0.021659487277803407,0.030154931011964318,0.06163989623336708,0.08020645485971734,0.017844625643299205,0.0320720974399837,0.08700490674782671,0.052567804784528466,0.059510044154739296,0.11310682810805629,0.055194921905423786,0.04839347444477063,0.006789465170478033,0.01698639410950615
cytosol,0.07368103258566536,0.016895732054422807,0.050789043417848366,0.08055481291932425,0.02369403629763405,0.0734827941794294,0.02147340240759635,0.028996458989202372,0.05623696218738804,0.07868518831739242,0.01879263717097426,0.03334224496810908,0.09201081035859326,0.05223127329073936,0.05668981873007386,0.11597401440047432,0.05489567021858967,0.04793186418668602,0.007191143653733884,0.016451059666122876
dendrite,0.07867126476000147,0.0140014379196471,0.05035765204781692,0.07663015000670217,0.02370739553757479,0.07709320887610738,0.02332354410635731,0.029258009090576752,0.049992079256181224,0.07950598930090297,0.01832128974080889,0.03213994126463814,0.09606643676199993,0.04762194899040981,0.06144060051423906,0.11209680367522513,0.05716949173196203,0.046921267806441395,0.007628285585464826,0.018053203026942716
dendritic spine,0.07799738138287923,0.012448822661429432,0.05268408254878733,0.07442276118627512,0.022611551011077168,0.07830912151630401,0.023505206060228195,0.03001018351102521,0.049504333187854604,0.07691668225367333,0.017873100983020553,0.03431219735228713,0.09861379554003782,0.04320718249267411,0.06303385497848993,0.11428393291352329,0.05773427271026872,0.04632458382692188,0.006962196313153355,0.019244757570089574
early endosome,0.07528125328566923,0.018412890337503943,0.05818263063820839,0.08190516244348649,0.027060771737987592,0.06811849437493428,0.020252865103564294,0.03185784880664494,0.04924561034591526,0.08734623068026495,0.01799232467669015,0.033540111449900115,0.08880506781621281,0.05006045631374198,0.04929818105351698,0.11152875617705814,0.05414782882977605,0.05115129849647776,0.008437598570076752,0.01737461886236989
early endosome membrane,0.07369477319009533,0.01617330224596405,0.05991205029070625,0.08361125047959153,0.026827612667119204,0.06841188796741729,0.020098574506389636,0.03187439128766638,0.05271079892571496,0.08609036980196559,0.017737508485081013,0.03541599031962931,0.08302098397426438,0.051707345866658795,0.047516453678835995,0.1137443555765428,0.05439305846589735,0.05203199244458873,0.008027624472449311,0.01699967535342207
endoplasmic reticulum,0.07319950160964904,0.018057163096344926,0.04959869457146652,0.07456881012466084,0.025551992612691244,0.10243249909872303,0.021393469062482212,0.0291318014787267,0.05079407244369391,0.08413499547780329,0.01855681839743468,0.03045999911453491,0.10185062203922611,0.04664187364413158,0.05515498801459753,0.09401741836328102,0.05052210816588556,0.046853752790796226,0.00986028625821427,0.017219133635656414
endoplasmic reticulum lumen,0.06399302111590445,0.014148970495094466,0.04658166130901877,0.07039829829949451,0.021749262078608046,0.17269153093294773,0.017925215998852786,0.028309891134188168,0.0525328330206379,0.07356508645929183,0.016443398142947624,0.02474874822241608,0.13575363583131178,0.04539859705309449,0.04965284831682222,0.06413642284389527,0.04103679449337364,0.039793979517453185,0.007265687551534996,0.013874117183112057
endoplasmic reticulum membrane,0.07608005998731038,0.01868835438657207,0.051149436337185085,0.07647100292886762,0.027897944665551518,0.0762274647029795,0.02271314401440721,0.031198528516403583,0.04980997609480046,0.08876327443553607,0.01945101356764274,0.03231367723494389,0.09046804201675286,0.045945408983996974,0.05551389770112732,0.10420872507738747,0.05380913011991053,0.050335505950664286,0.010619548428857997,0.018335864849102435
endosome,0.0767601091246945,0.017427994863327828,0.05469253939792048,0.07910356785674129,0.025908238204295157,0.07217971251205757,0.021262745515768046,0.030352524840070776,0.04820068528414437,0.08758381119770862,0.01859972422935123,0.033187163053834456,0.09130612317361124,0.049567702877838335,0.051579763405353266,0.1109296311419627,0.05475171764872974,0.050763103544185444,0.008711038519123452,0.017132103609281517
endosome membrane,0.0761978761978762,0.015514115514115514,0.055439005439005436,0.08118363118363119,0.027402227402227402,0.06987826987826988,0.02070707070707071,0.0321030821030821,0.04976689976689977,0.08623413623413624,0.018712768712768713,0.03370888370888371,0.0884874384874385,0.05001295001295001,0.04939134939134939,0.11012691012691013,0.05617715617715618,0.05167055167055167,0.008663558663558663,0.01862211862211862
external side of plasma membrane,0.06753369911264648,0.029962293120187857,0.048883469936101515,0.06920454288875341,0.029036555352344826,0.07442028494660073,0.023007970376391428,0.03456840298945562,0.04468378152588679,0.0945833051096209,0.0200727042832306,0.03617150985572038,0.0880579827948249,0.04434509697667592,0.048612522296732824,0.09799272957167694,0.06229537808485177,0.053354105985684935,0.012441012441012441,0.02077265235159972
extracellular exosome,0.07666189460963543,0.01670563274386413,0.046906917422814554,0.07971051809433567,0.02394611352002719,0.08177726509635092,0.021288867374579013,0.03106643458677076,0.053876180569145046,0.08161934090682817,0.01849429584693713,0.03166036686475853,0.08816289536835817,0.0507382955860189,0.0570312312250454,0.10139762907727642,0.06119219030551464,0.05112967292527096,0.008380281448370806,0.018253976428098145
extracellular matrix,0.06963935461539864,0.025729154648190092,0.04306005088749491,0.06201230287168214,0.021703091506403444,0.1302306940252737,0.020361070459141227,0.029737000309697163,0.04326044317057027,0.07750930609617615,0.01634715230420763,0.027301930445660292,0.11842576680410744,0.04460246421783248,0.050371332973032056,0.08163860162621374,0.06663954286269486,0.04621167497586184,0.009023725231817437,0.016195339968544484
extracellular region,0.07442447076854306,0.021263450301733773,0.04560330789616527,0.07298285385868003,0.02426801622018583,0.09169992656215077,0.02188926849516268,0.030291516331939078,0.05165714103260002,0.08605159807145822,0.018445671956320443,0.03087742265078706,0.09500143682748491,0.0486845046138127,0.05700852517641049,0.0953670295986462,0.057825920367827834,0.0492496567578786,0.009690603148248668,0.017717679363964366
extracellular space,0.07535932094582545,0.019091055945185592,0.0453150338918691,0.07387819067139677,0.02372955316439497,0.09516996284586804,0.021199463772098946,0.02994148906040536,0.05212697440329961,0.08384120437290077,0.0184260158644577,0.029832397312147155,0.09773152101170009,0.04844302998134951,0.057182957351420184,0.09556856731065763,0.05819625185928003,0.04870526976081634,0.008846921200093148,0.01741481927483358
extrinsic component of membrane,0.07804045300044203,0.012087124849482525,0.05116832045361013,0.07813190665630192,0.025683235020653283,0.07651622540277714,0.019235752282530827,0.029585257670675387,0.049171582300669134,0.08810035514503026,0.01790967427256238,0.028914597527702837,0.09363330132455379,0.05054338713856753,0.05798161781517216,0.11017117075921777,0.05654884387336717,0.05036047982684774,0.009053911930129407,0.017162802749706586
fibrillar center,0.07508667657256067,0.011490837048043587,0.051485884101040116,0.08046062407132244,0.022189202575532443,0.07508667657256067,0.022387320455671125,0.026820208023774144,0.0717434373452204,0.07424467558197127,0.01976225854383358,0.03350668647845468,0.09673105497771174,0.05346706290242694,0.05260029717682021,0.1142397226349678,0.05108964834076275,0.045269935611688954,0.006661713719663199,0.015676077265973254
focal adhesion,0.07678184513627552,0.016216216216216217,0.05178469608849356,0.07892576120424222,0.023081309157258523,0.07102292165583304,0.02179267875470407,0.030379746835443037,0.05395141977420458,0.07765993841943208,0.017561865663131487,0.03295700764055194,0.09586041737940472,0.04837495723571673,0.05843311666096476,0.11158626981411791,0.05762344623104117,0.049595164785038205,0.007914243357281333,0.018496977990648877
glutamatergic synapse,0.07880483380598349,0.013464142459313762,0.04861909506655425,0.0732735494749751,0.02290437137528423,0.07736133466186351,0.024884392325183313,0.03229350297641859,0.04929613448813265,0.07748907794895378,0.019557497253519327,0.032625635522853275,0.09803019851306814,0.04688178636212667,0.061418972432998646,0.11070233259242226,0.059157916251500985,0.04660075113052809,0.007140849748345724,0.019493625609974197
growth cone,0.07715434699348908,0.01214094216775182,0.05346610494063577,0.08297587131367293,0.02322864802757564,0.07029873611643049,0.023362696284948296,0.030314055917273076,0.05413634622749904,0.08171198774415933,0.018805055534278053,0.03542703944848717,0.0901378782075833,0.04685944082726925,0.05968977403293757,0.1102834163155879,0.057564151666028344,0.04833397165836844,0.006721562619685944,0.01738797395633857
intracellular membrane-bounded organelle,0.07572157490211512,0.015975002410175822,0.049127913089258235,0.07719624544199054,0.024692895991887526,0.07771478038834975,0.02400812834275517,0.028465069113527416,0.05692141001831734,0.07919897261048424,0.019249270897017848,0.033540522494379235,0.09394329758867365,0.051193324665957565,0.05621482184734125,0.10947395482675894,0.05466001048178522,0.04723151137265762,0.007868083440088583,0.017603210076478946
kinetochore,0.06856087086787177,0.010835913312693499,0.05270648157395386,0.09020772995106362,0.01947468291221412,0.061869569559572554,0.018975332068311195,0.033656246879057224,0.07125736542494757,0.0777489263956856,0.02082293019075202,0.03847498252272046,0.08409068211325277,0.05542794367322481,0.051233396584440226,0.11557475282133227,0.05957255567761909,0.05070907819834215,0.0049935084390292615,0.01380705083391591
lamellipodium,0.07472519911238024,0.011043641305282714,0.05177781982694855,0.08150276091032632,0.02263774448247983,0.06574578982677654,0.022551734814993205,0.028899248275506165,0.054134484716082086,0.08048784683398413,0.017563174100768925,0.031462336366607606,0.10470816919821788,0.04933514527032838,0.05843496809041336,0.11561419503552199,0.05759207334904443,0.04759774998709855,0.006777561797946089,0.017408356699293002
late endosome,0.07360778369921282,0.018016916833716326,0.05224172493032807,0.08077054710800372,0.026304209651395884,0.07111426196645969,0.023297315797193567,0.03219576590231262,0.04569011880897668,0.09050017112404048,0.02002151273651787,0.032953600938737594,0.08644208673544224,0.050139343861536206,0.0508727326064636,0.10783259179582458,0.05551752799100376,0.0534151469222119,0.009142913020094852,0.01992372757052755
lysosomal membrane,0.07447107546427299,0.0246612821617975,0.05685587392013192,0.07889361542641905,0.028634072297284634,0.0749395648670427,0.02258118921349999,0.03221333133444521,0.04407548301257425,0.09199257912786013,0.019283023818001236,0.03442460131551824,0.0807488334613871,0.046886419429192513,0.05220845904465641,0.1018683357382456,0.05380132301407342,0.0515713134568896,0.010812735415924892,0.019076888480782563
lysosome,0.07497718085799975,0.02152605728691268,0.05425522667014387,0.0792802190637632,0.028741252662233232,0.07440126917894554,0.022873473290737602,0.03191420002607902,0.046605380971008824,0.0904289998696049,0.01967879341070109,0.03325074977180858,0.08446342417525102,0.04705089755291868,0.05135393575868214,0.10294692919546225,0.054570348154909375,0.05227756769678794,0.01005128873821011,0.01935280566784022
membrane,0.07628413181305668,0.016655287418121955,0.04925327495225123,0.07592953318412618,0.02532973265433007,0.0754840813691982,0.02272821269408851,0.030115797131615756,0.05148528008884628,0.08514367346551342,0.019136799811784743,0.03250171027732596,0.09033993329748927,0.04857255406612078,0.05842673470259481,0.10828004748773991,0.05793585629466807,0.049317007784219616,0.009213462272536506,0.017866889234372064
membrane raft,0.07012661204970405,0.01693387166320411,0.05523107679040414,0.07747638273685861,0.0240680490768688,0.07126337658265063,0.02308807965191486,0.03149621731801968,0.051428795421582844,0.08631570694994316,0.02108894202500882,0.03663125710477833,0.08815804946885657,0.04484340088589236,0.05595625416487006,0.10963897926384697,0.05856297283524754,0.05078201560111324,0.00819254439261495,0.018717416016620282
microtubule,0.07396950875211744,0.013220402785620177,0.04944099378881987,0.08723508375682289,0.02181818181818182,0.06335403726708075,0.021230942970073406,0.032501411631846416,0.06630528891398457,0.08482589873894222,0.0179785431959345,0.033916807829851306,0.08352343308865048,0.05283643892339544,0.06068134763786938,0.10965556182947488,0.05608883869753435,0.04868059476755129,0.007498588368153585,0.015238095238095238
microtubule cytoskeleton,0.07139600333317611,0.013660257115754498,0.050956715878181846,0.08624331137420142,0.023043986394771735,0.06463007510127929,0.022407223977904605,0.03191673348741412,0.06400379437028651,0.0838875524739399,0.018107112347950045,0.03478871541698767,0.08457934374164741,0.052874864393189,0.058359406526945795,0.11222216981379285,0.05592241456115802,0.048113558584762774,0.007082999229596088,0.015803761877060306
microtubule organizing center,0.06972191341878106,0.013822586973580957,0.05132994376144389,0.08498724823437091,0.023222927020664398,0.06341959848286687,0.022920481297410412,0.03215733716976197,0.06424928066963118,0.08497089981689772,0.017492806696311796,0.035884776353648964,0.08239602406487052,0.05409691341878106,0.05817175647397332,0.11436535443369082,0.056042375098090506,0.047565720638242215,0.007017558200366205,0.016164497776615223
midbody,0.07319349782497667,0.013226255261443089,0.04788573642591712,0.08518694633768338,0.022313802152128352,0.06162272591183671,0.021996794702453287,0.03339145136577376,0.06630739155703493,0.08467621211320689,0.01806942463147884,0.03782955566122471,0.08316162096475933,0.05450766981912964,0.059597400538912666,0.11236152938482943,0.055617195892992376,0.04545534597840827,0.00660432186823057,0.01699512160758
mitochondrial inner membrane,0.10463002359494063,0.018682551348006036,0.03233667272656945,0.05341739836769427,0.031137585580010056,0.08788148377364328,0.01845046996480099,0.026573318376977528,0.04417282327002669,0.10207712837968515,0.02475534754187135,0.022163772096081693,0.08169264688817546,0.04239353266545469,0.07724442037674545,0.0886164081537926,0.053146636753955055,0.05763354349591924,0.015742853827408813,0.017251382818241595
mitochondrial matrix,0.10576114381833474,0.020149985982618447,0.030908326324642556,0.049130922343706196,0.02726380712082983,0.08350855060274741,0.020745724698626296,0.021271376506868517,0.04355901317633866,0.1047448836557331,0.024985982618446874,0.024250070086907764,0.08193159517802075,0.044119708438463696,0.08834454723857584,0.09622932436220914,0.04888561816652649,0.05274039809363611,0.01769694421082142,0.013772077375946174
mitochondrial outer membrane,0.08996994740796393,0.012622088655146507,0.04560480841472577,0.07764838467317806,0.027948910593538694,0.07622088655146507,0.020210368144252443,0.030540946656649137,0.04748309541697972,0.08839218632607063,0.021187077385424493,0.026897069872276483,0.08294515401953419,0.04872276483846732,0.06465063861758076,0.10589782118707738,0.05293012772351615,0.05323065364387678,0.011232156273478587,0.015664913598797896
mitochondrion,0.08805610654576368,0.015945263058467933,0.044972607915367904,0.0743010295645603,0.02702016624161708,0.07893525077925757,0.0212170586568433,0.02702016624161708,0.052298809861150465,0.08816827240955889,0.021453197317464815,0.02866132993293662,0.08497449702465287,0.04624185321620856,0.0661896665722112,0.10404269386984037,0.05297770851043733,0.05069306696892415,0.010821054122981014,0.01601020119013885
mitotic spindle,0.06939189452744081,0.012696493349455865,0.047665483480906504,0.08542341147560167,0.02277957639349378,0.06018644927253579,0.021706907984553575,0.0372118422592347,0.06767562507313649,0.08479931349221828,0.017942817022272496,0.037309357569138356,0.07654951827436908,0.0592503022974607,0.05784608183484807,0.11028981550103366,0.06092756562780356,0.04883566719975036,0.005733900222334907,0.01577797714241136
neuron projection,0.07611374192302887,0.014297232537276144,0.050877820552129825,0.08039496246834509,0.024384219670902464,0.07309303989370763,0.022924970758241632,0.030771982420876913,0.05435560249378258,0.08190247447733906,0.01855574103725911,0.032645726160869415,0.09148127959663407,0.04761012502980956,0.060235183229425726,0.11056791469355773,0.056635324044106795,0.04742842866714362,0.007795909560635483,0.017928320784928287
neuronal cell body,0.08008936785385727,0.015122442721338766,0.05124633109913699,0.08196434047400009,0.02382266614097341,0.07543698252069918,0.0229114644938012,0.030770578700661497,0.05170193192272309,0.08261269549218031,0.01877601086432733,0.03189205765102729,0.08839532133000394,0.04743505497875323,0.0619441888991107,0.1067770622508433,0.056003855083891885,0.04803084067113506,0.007683883120865641,0.01738292373066982
nuclear body,0.0720516296339954,0.011990186833264572,0.0518874874756881,0.08059394707373137,0.021213974185183,0.07239789002180703,0.024219809041079742,0.02721827665468262,0.06181116284552366,0.071856397713208,0.019560028290210408,0.0351012259091177,0.09485692815465314,0.052384776330523956,0.06180747922437673,0.1182442388165262,0.05500383096599281,0.044984381446337006,0.006019036954087346,0.0167973124300112
nuclear envelope,0.07604636585947225,0.012906871010743955,0.050400360191749136,0.0792245283518579,0.029477457116876927,0.07100544701738279,0.019890000264846875,0.02959222409576863,0.05817803006894847,0.08112259761814378,0.018450998914127815,0.03634581939208814,0.0814668985548189,0.04879362248726528,0.05386102601679129,0.12036407616996107,0.06087063995833076,0.04803439478075093,0.007795326335490364,0.016173315794584763
nuclear matrix,0.07440989863140239,0.010039623696429006,0.050416899628072054,0.08243187398205995,0.02012786542528624,0.07815348712837591,0.02447917932761261,0.02759073340301918,0.06113717577849624,0.07047183800471594,0.021440552300848386,0.034227094829472254,0.09672557551595887,0.05797700367066145,0.06079684955149865,0.10892870165544401,0.05109755208206724,0.04703794637431023,0.005809854875173202,0.01670029413909619
nuclear membrane,0.07601046154623675,0.013076932795936675,0.049224860070501725,0.07872692584684195,0.028440749491452613,0.07286441684460561,0.020897823038144213,0.029413622752599594,0.056552996323297154,0.08144339014744716,0.018712016879982817,0.035566730261412306,0.0819487788545365,0.04855522003360835,0.05679305595916459,0.12093951760647909,0.0598127534840234,0.047342287136593934,0.007644004194726269,0.016033456732409315
nuclear speck,0.07050445628856404,0.009273798202740857,0.05194211616574887,0.07943177713396879,0.01966811892282401,0.07289293849658314,0.024622007946863644,0.02540342496553656,0.06444478846451555,0.06726821033387148,0.019439591304155516,0.03282688664292928,0.09787616751811634,0.0516914729710802,0.07106471754723519,0.12159880870763946,0.05298892009642391,0.04254299636567368,0.006008064813381398,0.018510737112148085
nucleolus,0.07278527778019246,0.013074054434660153,0.05459982440432209,0.08946686718186322,0.022944791675721724,0.07265923137773064,0.02204073472013352,0.027634587132835522,0.07309822057251145,0.07253318497526882,0.01903735319940541,0.03437589645070716,0.08488138598885576,0.050688039500334674,0.0594243591192399,0.110668741361475,0.05174856785208237,0.045233272773107784,0.006971669984439789,0.01613393951511253
nucleoplasm,0.0749042385953518,0.013521916261356676,0.050971267888378,0.07878174518240795,0.022529761685105502,0.07372982368092816,0.023705099156413983,0.02779110359944794,0.05938590923516344,0.07440790299129844,0.019746407563490366,0.03470382233768534,0.09642103282088374,0.05327673754363694,0.05649553851490483,0.11514524735595197,0.05486169027182216,0.04643966846995786,0.006221723631479117,0.016959363214335797
nucleus,0.0751617951617529,0.01563575344281829,0.04946207367179548,0.07823158535226266,0.024310604456055044,0.07418043415453214,0.02483191947980472,0.02814414492452024,0.059246633768009004,0.07635971053547556,0.01922157684326059,0.03463074047332446,0.09357419812823083,0.05262007015305112,0.05589426653828338,0.11275880227477157,0.054107428923951914,0.04665109235832459,0.0071864358795725326,0.01779073348020297
other,0.07732485522879527,0.012788123083910526,0.05060368646152682,0.08691476477044775,0.024365088376670074,0.06989232050263049,0.02145073994171303,0.030004541841716817,0.059233185723477536,0.08441675182619886,0.019222398849400097,0.033089209341054464,0.08410450020816775,0.052586011127512204,0.05756784376064494,0.1062365164074032,0.05774289391014723,0.04896199992430264,0.00726694674690587,0.01622762196737444
perikaryon,0.08089179766346566,0.016484188635390543,0.050798213958040246,0.07884274267539298,0.025475564254694476,0.07789467245703101,0.022570187779069058,0.03113340265459661,0.05085937977857973,0.0818092849715579,0.018839072726160623,0.032081472872958594,0.08807878157685485,0.04544620466083552,0.06517218178481865,0.10489938222521256,0.05388708789528412,0.04874915896996758,0.008869043978224968,0.017218178481864334
perinuclear region of cytoplasm,0.07759031737633819,0.01318754531381655,0.052913474287879084,0.08162692114252869,0.024239217761056572,0.07256742369316586,0.021770227107949756,0.029026969477266344,0.052175389780468845,0.08149628671643838,0.01900730899613975,0.03365142816086323,0.09378898621153632,0.049928477651715555,0.05749221092234436,0.1116205853728633,0.054683570761402754,0.04845230863689508,0.007354718188884317,0.01742663244044703
plasma membrane,0.07462117896622919,0.01819473692340169,0.049188295807353476,0.0746942915544663,0.024942719891257896,0.0747591661045922,0.02353298561947472,0.03069390024765602,0.05086576631775143,0.08471380540724227,0.018773459100715165,0.03277400487074003,0.09137940799398624,0.04737077864906473,0.05865071233285793,0.10864839538463915,0.05961456279187111,0.049235664526493014,0.009180263720195035,0.01816590379001241
postsynaptic density,0.07920938590001057,0.013085297537258218,0.051104534404396995,0.07405136877708487,0.023020822323221647,0.07598562519818201,0.02416235070288553,0.029130113095867244,0.05031180636296374,0.07483352711129902,0.01777824754254307,0.030483035619913328,0.10237818412429976,0.046136772011415285,0.06309058239086777,0.11583342141422683,0.05729838283479548,0.045671704893774444,0.0071134129584610505,0.019321424796533135
postsynaptic membrane,0.07676160684886402,0.014487981560750741,0.04648913401382944,0.07464191636483372,0.024469048403029305,0.07484771155745802,0.025292229173526505,0.032248106684227854,0.049823016134343104,0.08404675666776425,0.018727362528811325,0.030231313796509715,0.09837010207441554,0.04492509054988476,0.06210898913401383,0.1082071122818571,0.0587956865327626,0.0485882449785973,0.008211228185709582,0.018727362528811325
presynapse,0.0794188703171289,0.01191556347497185,0.05246127441870634,0.07539600118062464,0.022803546246597504,0.07730905036238617,0.022224165637264013,0.02852083037266198,0.050876176525246786,0.07888321654623566,0.020114345682521288,0.029821703816259825,0.09841818161942346,0.04856958579752287,0.061403412879740264,0.1142800922636291,0.05659346065131126,0.045279141204893035,0.007171201504203242,0.0185401794986718
protein-containing complex,0.07798680046023253,0.013971766788917471,0.05033959514612826,0.07775919670654413,0.023604282793230118,0.08263715897309325,0.022571937196143445,0.028124582018268895,0.05612871140065724,0.07807399930093133,0.019627128889493205,0.03291386749766669,0.09783340439792526,0.051303216233172654,0.055220513305582426,0.10754351259099532,0.05309448733362942,0.046610736246415055,0.007020984622706135,0.017634118098267183
receptor complex,0.0693096099854548,0.03296913935211807,0.051742606185660005,0.06529558344326805,0.0284477218144302,0.07565763510694674,0.024230738874043003,0.034310906651332185,0.04177519196292663,0.09156716165477116,0.01977697346908861,0.03746800617889479,0.08808307681899671,0.04260956826663961,0.05503500997868958,0.09807304175264125,0.05668121187520436,0.05273483746575111,0.01146703649832561,0.02276494266481751
ribonucleoprotein complex,0.07436524421774074,0.007896651153822558,0.0579233823258749,0.08552222193007826,0.0232517375261834,0.0881515175417839,0.020902900113059713,0.024005468934872348,0.06665264375673757,0.06363771812198178,0.020894135794354025,0.03392667770970824,0.08647753266899798,0.0494482861374771,0.07305059641188792,0.10397987712425175,0.04763407216540022,0.04190220773188196,0.007344499075364376,0.023032629558541268
sarcolemma,0.07377115555915459,0.010770102842335412,0.053229681215752965,0.09555429589440441,0.026398898696250707,0.0719086565713823,0.021405241989904716,0.03546845898453316,0.06181337220287743,0.080033470996302,0.020001619564337193,0.031284584446783816,0.07601155289227197,0.04842497368207952,0.06049072799416957,0.09949523578157475,0.05811536696628607,0.05023348719194537,0.0069371339109779466,0.018651982616676114
spindle,0.07155663538873995,0.01260053619302949,0.05104725201072386,0.08649463806970509,0.022947386058981233,0.06157004021447721,0.02157339142091153,0.03383042895442359,0.06616957104557641,0.08324396782841822,0.018440013404825737,0.03644436997319035,0.08202077747989277,0.05418900804289544,0.05862097855227882,0.11182138069705094,0.05797587131367292,0.04830764075067024,0.0062164879356568364,0.014929624664879357
spindle pole,0.07072507441843372,0.012844070412700746,0.051210907353643746,0.08301789717393701,0.0236485244937709,0.06159273823086252,0.023354525743265592,0.03364448201095145,0.06416522729778398,0.08571901069420455,0.01822792253132924,0.037172467017015175,0.08011465951269707,0.05523501525118518,0.06128036455845063,0.10877953768696483,0.057219506817096026,0.04797692109808533,0.006559847120649737,0.017511300576972547
synapse,0.07735819307028263,0.013980317185015833,0.05095457710854455,0.07616579289684261,0.024225761099504646,0.07629390200638575,0.02357864585386364,0.030233749852181798,0.05177250450024308,0.08061676324122617,0.01894372396757197,0.031912307672093236,0.09514565020300367,0.046451049180758666,0.06066787549108492,0.11119542223448566,0.05653225064711524,0.0473281038537848,0.007683261723625948,0.018960148212385196
trans-Golgi network,0.07499254335506413,0.01572286846478333,0.0549874302271081,0.08166091439771614,0.0254591162810516,0.06693936682432144,0.021581660914397716,0.03519536409731987,0.05398610933571946,0.09124802931526695,0.01974945673015467,0.036260599088158846,0.0775278026332609,0.05153606885678981,0.05170650645532404,0.10607610038774554,0.055839618219779286,0.05296348374451404,0.008521879926711832,0.018045080744812307
